A1 = 0.209;
A2 = 0.033;
K = 324.324;
Km = 3.29;
Kn = 3.7;
Mn = 2.14;
T1 = 1.08;
T2 = 0.0001;
Te = 0.0001;
Tm = 1.08;
dt = 0.6;
dx = 3.14;
max = 3.14;
min = -3.14;
omega1 = 1.005;
omega2 = 6.28;
target = 3.14;
w = 0.209;

